% This file is automatically generated by EcoNet(http://eco.engr.uga.edu).
% Run this M-file in Matlab to load all results into Matlab environment.
%
% ================== EcoNet Model ===================
% #  MARION LAKE, RICHEY ET AL. SCIENCE 202%3A1185, GC%2FM2%2FYR
% #  5  3
% * ->  ZOOPLANKTON     c=1.2
% * ->  PARTICULATE_ORGANIC_CARBO     c=86
% ZOOPLANKTON ->  FISH       c=0.6
% ZOOPLANKTON ->  SEDIMENT       c=0.2
% BENTHOS ->  FISH       c=2
% BENTHOS ->  SEDIMENT       c=45.6
% FISH ->  SEDIMENT       c=0.6
% PARTICULATE_ORGANIC_CARBO ->  ZOOPLANKTON       c=3.6
% PARTICULATE_ORGANIC_CARBO ->  SEDIMENT       c=45
% SEDIMENT ->  BENTHOS       c=56.7
% ZOOPLANKTON ->  *      c=4
% BENTHOS ->  *      c=9.1
% FISH ->  *      c=2
% PARTICULATE_ORGANIC_CARBO ->  *      c=37.4
% SEDIMENT ->  *      c=34.7
% ZOOPLANKTON = 1
% BENTHOS = 1
% FISH = 1
% PARTICULATE_ORGANIC_CARBO = 1
% SEDIMENT = 1
% 
% % ===================================================


% Compartment Names (NM):

NM = { 'ZOOPLANKTON'
'BENTHOS'
'FISH'
'PARTICULATE_ORGANIC_CARBO'
'SEDIMENT'
};

% Environmental inputs (Z):

Z = [ 1.200000000000000e+00
0.000000000000000e+00
0.000000000000000e+00
8.600000000000000e+01
0.000000000000000e+00
];

% Environmental Outputs (Y):

Y = [ 4.000000000000000e+00
9.100101268884400e+00
1.999999644377534e+00
3.739999999999999e+01
3.469951596530259e+01
];

% Initial storage values (IC):

IC = [ 1.000000000000000e+00
1.000000000000000e+00
1.000000000000000e+00
1.000000000000000e+00
1.000000000000000e+00
];

%  Final storage values - assumed Steady-state (SS):

SS = [ 9.999999999999999e-01
1.000011128448835e+00
9.999998221887669e-01
9.999999999999999e-01
9.999860508732734e-01
];

% Output throughflow (T):

T = [ 4.800000000000000e+00
5.670063098304895e+01
2.599999537690794e+00
8.599999999999999e+01
9.139872504981719e+01
];

% Input hroughflow (TP):

TP = [ 4.800000000000000e+00
5.669920908451461e+01
2.600022256897670e+00
8.600000000000000e+01
9.140050735058014e+01
];

% Residence times (RT):

RT = [ 2.083333333333333e-01
1.763668430335097e-02
3.846153846153846e-01
1.162790697674419e-02
1.094091903719913e-02
];

% Stoichiometric matrix (SM):

SM = [     1.000000000000000e+00    0.000000000000000e+00   -1.000000000000000e+00   -1.000000000000000e+00    0.000000000000000e+00    0.000000000000000e+00    0.000000000000000e+00    1.000000000000000e+00    0.000000000000000e+00    0.000000000000000e+00   -1.000000000000000e+00    0.000000000000000e+00    0.000000000000000e+00    0.000000000000000e+00    0.000000000000000e+00
    0.000000000000000e+00    0.000000000000000e+00    0.000000000000000e+00    0.000000000000000e+00   -1.000000000000000e+00   -1.000000000000000e+00    0.000000000000000e+00    0.000000000000000e+00    0.000000000000000e+00    1.000000000000000e+00    0.000000000000000e+00   -1.000000000000000e+00    0.000000000000000e+00    0.000000000000000e+00    0.000000000000000e+00
    0.000000000000000e+00    0.000000000000000e+00    1.000000000000000e+00    0.000000000000000e+00    1.000000000000000e+00    0.000000000000000e+00   -1.000000000000000e+00    0.000000000000000e+00    0.000000000000000e+00    0.000000000000000e+00    0.000000000000000e+00    0.000000000000000e+00   -1.000000000000000e+00    0.000000000000000e+00    0.000000000000000e+00
    0.000000000000000e+00    1.000000000000000e+00    0.000000000000000e+00    0.000000000000000e+00    0.000000000000000e+00    0.000000000000000e+00    0.000000000000000e+00   -1.000000000000000e+00   -1.000000000000000e+00    0.000000000000000e+00    0.000000000000000e+00    0.000000000000000e+00    0.000000000000000e+00   -1.000000000000000e+00    0.000000000000000e+00
    0.000000000000000e+00    0.000000000000000e+00    0.000000000000000e+00    1.000000000000000e+00    0.000000000000000e+00    1.000000000000000e+00    1.000000000000000e+00    0.000000000000000e+00    1.000000000000000e+00   -1.000000000000000e+00    0.000000000000000e+00    0.000000000000000e+00    0.000000000000000e+00    0.000000000000000e+00   -1.000000000000000e+00

];

% Adjacency Matrix (A):

A = [     0.000000000000000e+00    0.000000000000000e+00    0.000000000000000e+00    1.000000000000000e+00    0.000000000000000e+00
    0.000000000000000e+00    0.000000000000000e+00    0.000000000000000e+00    0.000000000000000e+00    1.000000000000000e+00
    1.000000000000000e+00    1.000000000000000e+00    0.000000000000000e+00    0.000000000000000e+00    0.000000000000000e+00
    0.000000000000000e+00    0.000000000000000e+00    0.000000000000000e+00    0.000000000000000e+00    0.000000000000000e+00
    1.000000000000000e+00    1.000000000000000e+00    1.000000000000000e+00    1.000000000000000e+00    0.000000000000000e+00

];

% Flow Matrix (F):

F = [     0.000000000000000e+00    0.000000000000000e+00    0.000000000000000e+00    3.600000000000000e+00    0.000000000000000e+00
    0.000000000000000e+00    0.000000000000000e+00    0.000000000000000e+00    0.000000000000000e+00    5.669920908451461e+01
    5.999999999999999e-01    2.000022256897670e+00    0.000000000000000e+00    0.000000000000000e+00    0.000000000000000e+00
    0.000000000000000e+00    0.000000000000000e+00    0.000000000000000e+00    0.000000000000000e+00    0.000000000000000e+00
    2.000000000000000e-01    4.560050745726688e+01    5.999998933132601e-01    4.499999999999999e+01    0.000000000000000e+00

];

% Normalized flow matrix (G):

G = [     0.000000000000000e+00    0.000000000000000e+00    0.000000000000000e+00    4.186046511627907e-02    0.000000000000000e+00
    0.000000000000000e+00    0.000000000000000e+00    0.000000000000000e+00    0.000000000000000e+00    6.203501094091904e-01
    1.250000000000000e-01    3.527336860670194e-02    0.000000000000000e+00    0.000000000000000e+00    0.000000000000000e+00
    0.000000000000000e+00    0.000000000000000e+00    0.000000000000000e+00    0.000000000000000e+00    0.000000000000000e+00
    4.166666666666666e-02    8.042328042328042e-01    2.307692307692307e-01    5.232558139534884e-01    0.000000000000000e+00

];

% Throughflow Analysis (N):

N = [     1.000000000000000e+00    0.000000000000000e+00    0.000000000000000e+00    4.186046511627907e-02    0.000000000000000e+00
    8.818289786223277e-02    2.015948422124194e+00    2.885985748218527e-01    6.580718665414574e-01    1.250593824228029e+00
    1.281105078611016e-01    7.110929178568587e-02    1.010179843909060e+00    2.844496965775208e-02    4.411265693926027e-02
    0.000000000000000e+00    0.000000000000000e+00    0.000000000000000e+00    1.000000000000000e+00    0.000000000000000e+00
    1.421502092523470e-01    1.637701689279565e+00    4.652188666440447e-01    1.060807206382526e+00    2.015948422124194e+00

];

% Normalized flow matrix - output oriented (GP):

GP = [     0.000000000000000e+00    0.000000000000000e+00    0.000000000000000e+00    7.500000000000000e-01    0.000000000000000e+00
    0.000000000000000e+00    0.000000000000000e+00    0.000000000000000e+00    0.000000000000000e+00    9.999749227035097e-01
    2.307692718025995e-01    7.692394663554450e-01    0.000000000000000e+00    0.000000000000000e+00    0.000000000000000e+00
    0.000000000000000e+00    0.000000000000000e+00    0.000000000000000e+00    0.000000000000000e+00    0.000000000000000e+00
    2.188214331118835e-03    4.989184196214134e-01    6.564641826089238e-03    4.923482245017377e-01    0.000000000000000e+00

];

% Throughflow Analysis - output oriented (NP):

