% This file is automatically generated by EcoNet(http://eco.engr.uga.edu).
% Run this M-file in Matlab to load all results into Matlab environment.
%
% ================== EcoNet Model ===================
% #  SILVER SPRINGS , H.T.ODUM ECOL MONO 27%3A61, KC%2FM**2%2FYR
% #  5  4
% * ->  PLANTS     c=20810
% * ->  HERBIVORES     c=486
% PLANTS ->  HERBIVORES       c=2874
% PLANTS ->  DETRITUS       c=3455
% HERBIVORES ->  CARNIVORES       c=382
% HERBIVORES ->  DETRITUS       c=1095
% CARNIVORES ->  TOP_CARNIVORES       c=21
% CARNIVORES ->  DETRITUS       c=46
% TOP_CARNIVORES ->  DETRITUS       c=6
% PLANTS ->  *      c=14481
% HERBIVORES ->  *      c=1883
% CARNIVORES ->  *      c=315
% TOP_CARNIVORES ->  *      c=15
% DETRITUS ->  *      c=4602
% PLANTS = 1
% HERBIVORES = 1
% CARNIVORES = 1
% TOP_CARNIVORES = 1
% DETRITUS = 1
% 
% % ===================================================


% Compartment Names (NM):

NM = { 'PLANTS'
'HERBIVORES'
'CARNIVORES'
'TOP_CARNIVORES'
'DETRITUS'
};

% Environmental inputs (Z):

Z = [ 2.081000000000000e+04
4.860000000000000e+02
0.000000000000000e+00
0.000000000000000e+00
0.000000000000000e+00
];

% Environmental Outputs (Y):

Y = [ 1.448100000000000e+04
1.883000000000000e+03
3.150000000000000e+02
1.500000000000000e+01
4.602000000000000e+03
];

% Initial storage values (IC):

IC = [ 1.000000000000000e+00
1.000000000000000e+00
1.000000000000000e+00
1.000000000000000e+00
1.000000000000000e+00
];

%  Final storage values - assumed Steady-state (SS):

SS = [ 1.000000000000000e+00
1.000000000000000e+00
1.000000000000000e+00
1.000000000000000e+00
1.000000000000000e+00
];

% Output throughflow (T):

T = [ 2.081000000000000e+04
3.360000000000000e+03
3.820000000000000e+02
2.100000000000000e+01
4.602000000000000e+03
];

% Input hroughflow (TP):

TP = [ 2.081000000000000e+04
3.360000000000000e+03
3.820000000000000e+02
2.100000000000000e+01
4.602000000000000e+03
];

% Residence times (RT):

RT = [ 4.805382027871216e-05
2.976190476190476e-04
2.617801047120419e-03
4.761904761904762e-02
2.172968274663190e-04
];

% Stoichiometric matrix (SM):

SM = [     1.000000000000000e+00    0.000000000000000e+00   -1.000000000000000e+00   -1.000000000000000e+00    0.000000000000000e+00    0.000000000000000e+00    0.000000000000000e+00    0.000000000000000e+00    0.000000000000000e+00   -1.000000000000000e+00    0.000000000000000e+00    0.000000000000000e+00    0.000000000000000e+00    0.000000000000000e+00
    0.000000000000000e+00    1.000000000000000e+00    1.000000000000000e+00    0.000000000000000e+00   -1.000000000000000e+00   -1.000000000000000e+00    0.000000000000000e+00    0.000000000000000e+00    0.000000000000000e+00    0.000000000000000e+00   -1.000000000000000e+00    0.000000000000000e+00    0.000000000000000e+00    0.000000000000000e+00
    0.000000000000000e+00    0.000000000000000e+00    0.000000000000000e+00    0.000000000000000e+00    1.000000000000000e+00    0.000000000000000e+00   -1.000000000000000e+00   -1.000000000000000e+00    0.000000000000000e+00    0.000000000000000e+00    0.000000000000000e+00   -1.000000000000000e+00    0.000000000000000e+00    0.000000000000000e+00
    0.000000000000000e+00    0.000000000000000e+00    0.000000000000000e+00    0.000000000000000e+00    0.000000000000000e+00    0.000000000000000e+00    1.000000000000000e+00    0.000000000000000e+00   -1.000000000000000e+00    0.000000000000000e+00    0.000000000000000e+00    0.000000000000000e+00   -1.000000000000000e+00    0.000000000000000e+00
    0.000000000000000e+00    0.000000000000000e+00    0.000000000000000e+00    1.000000000000000e+00    0.000000000000000e+00    1.000000000000000e+00    0.000000000000000e+00    1.000000000000000e+00    1.000000000000000e+00    0.000000000000000e+00    0.000000000000000e+00    0.000000000000000e+00    0.000000000000000e+00   -1.000000000000000e+00

];

% Adjacency Matrix (A):

A = [     0.000000000000000e+00    0.000000000000000e+00    0.000000000000000e+00    0.000000000000000e+00    0.000000000000000e+00
    1.000000000000000e+00    0.000000000000000e+00    0.000000000000000e+00    0.000000000000000e+00    0.000000000000000e+00
    0.000000000000000e+00    1.000000000000000e+00    0.000000000000000e+00    0.000000000000000e+00    0.000000000000000e+00
    0.000000000000000e+00    0.000000000000000e+00    1.000000000000000e+00    0.000000000000000e+00    0.000000000000000e+00
    1.000000000000000e+00    1.000000000000000e+00    1.000000000000000e+00    1.000000000000000e+00    0.000000000000000e+00

];

% Flow Matrix (F):

F = [     0.000000000000000e+00    0.000000000000000e+00    0.000000000000000e+00    0.000000000000000e+00    0.000000000000000e+00
    2.874000000000000e+03    0.000000000000000e+00    0.000000000000000e+00    0.000000000000000e+00    0.000000000000000e+00
    0.000000000000000e+00    3.820000000000000e+02    0.000000000000000e+00    0.000000000000000e+00    0.000000000000000e+00
    0.000000000000000e+00    0.000000000000000e+00    2.100000000000000e+01    0.000000000000000e+00    0.000000000000000e+00
    3.455000000000000e+03    1.095000000000000e+03    4.600000000000000e+01    6.000000000000000e+00    0.000000000000000e+00

];

% Normalized flow matrix (G):

G = [     0.000000000000000e+00    0.000000000000000e+00    0.000000000000000e+00    0.000000000000000e+00    0.000000000000000e+00
    1.381066794810187e-01    0.000000000000000e+00    0.000000000000000e+00    0.000000000000000e+00    0.000000000000000e+00
    0.000000000000000e+00    1.136904761904762e-01    0.000000000000000e+00    0.000000000000000e+00    0.000000000000000e+00
    0.000000000000000e+00    0.000000000000000e+00    5.497382198952880e-02    0.000000000000000e+00    0.000000000000000e+00
    1.660259490629505e-01    3.258928571428572e-01    1.204188481675393e-01    2.857142857142857e-01    0.000000000000000e+00

];

% Throughflow Analysis (N):

N = [     1.000000000000000e+00    0.000000000000000e+00    0.000000000000000e+00    0.000000000000000e+00    0.000000000000000e+00
    1.381066794810187e-01    1.000000000000000e+00    0.000000000000000e+00    0.000000000000000e+00    0.000000000000000e+00
    1.570141415528249e-02    1.136904761904762e-01    1.000000000000000e+00    0.000000000000000e+00    0.000000000000000e+00
    8.631667467563672e-04    6.250000000000000e-03    5.497382198952880e-02    1.000000000000000e+00    0.000000000000000e+00
    2.131712947072149e-01    3.413690476190476e-01    1.361256544502618e-01    2.857142857142857e-01    1.000000000000000e+00

];

% Normalized flow matrix - output oriented (GP):

GP = [     0.000000000000000e+00    0.000000000000000e+00    0.000000000000000e+00    0.000000000000000e+00    0.000000000000000e+00
    8.553571428571428e-01    0.000000000000000e+00    0.000000000000000e+00    0.000000000000000e+00    0.000000000000000e+00
    0.000000000000000e+00    1.000000000000000e+00    0.000000000000000e+00    0.000000000000000e+00    0.000000000000000e+00
    0.000000000000000e+00    0.000000000000000e+00    1.000000000000000e+00    0.000000000000000e+00    0.000000000000000e+00
    7.507605388961321e-01    2.379400260756193e-01    9.995654063450673e-03    1.303780964797914e-03    0.000000000000000e+00

];

% Throughflow Analysis - output oriented (NP):

NP = [     1.000000000000000e+00    0.000000000000000e+00    0.000000000000000e+00    0.000000000000000e+00    0.000000000000000e+00
    8.553571428571428e-01    1.000000000000000e+00    0.000000000000000e+00    0.000000000000000e+00    0.000000000000000e+00
    8.553571428571428e-01    1.000000000000000e+00    1.000000000000000e+00    0.000000000000000e+00    0.000000000000000e+00
    8.553571428571428e-01    1.000000000000000e+00    1.000000000000000e+00    1.000000000000000e+00    0.000000000000000e+00
    9.639492922331905e-01    2.492394611038679e-01    1.129943502824859e-02    1.303780964797914e-03    1.000000000000000e+00

];

% Partial turnover rate matrix (C):

