% This file is automatically generated by EcoNet(http://eco.engr.uga.edu).
% Run this M-file in Matlab to load all results into Matlab environment.
%
% ================== EcoNet Model ===================
% #  ENGLISH CHANNEL, BRYLINSKY IN PATTEN II, KC%2FM2%2FYR
% #  6  6
% * ->  PHYTOPLANKTON     c=1096
% PHYTOPLANKTON ->  ZOOPLANKTON       c=422
% PHYTOPLANKTON ->  BENTHIC_FAUNA       c=400
% ZOOPLANKTON ->  PELAGIC_FISH       c=48
% ZOOPLANKTON ->  BENTHIC_FAUNA       c=160
% ZOOPLANKTON ->  BACTERIA       c=94
% PELAGIC_FISH ->  BACTERIA       c=3
% BENTHIC_FAUNA ->  DEMERSAL_FISH       c=33
% BENTHIC_FAUNA ->  BACTERIA       c=22
% DEMERSAL_FISH ->  BACTERIA       c=2
% PHYTOPLANKTON ->  *      c=274
% ZOOPLANKTON ->  *      c=120
% PELAGIC_FISH ->  *      c=45
% BENTHIC_FAUNA ->  *      c=505
% DEMERSAL_FISH ->  *      c=31
% BACTERIA ->  *      c=121
% PHYTOPLANKTON = 1
% ZOOPLANKTON = 1
% PELAGIC_FISH = 1
% BENTHIC_FAUNA = 1
% DEMERSAL_FISH = 1
% BACTERIA = 1
% 
% % ===================================================


% Compartment Names (NM):

NM = { 'PHYTOPLANKTON'
'ZOOPLANKTON'
'PELAGIC_FISH'
'BENTHIC_FAUNA'
'DEMERSAL_FISH'
'BACTERIA'
};

% Environmental inputs (Z):

Z = [ 1.096000000000000e+03
0.000000000000000e+00
0.000000000000000e+00
0.000000000000000e+00
0.000000000000000e+00
0.000000000000000e+00
];

% Environmental Outputs (Y):

Y = [ 2.740000000000000e+02
1.200000000000000e+02
4.500000000000000e+01
5.050000000000000e+02
3.100000000000000e+01
1.210000000000000e+02
];

% Initial storage values (IC):

IC = [ 1.000000000000000e+00
1.000000000000000e+00
1.000000000000000e+00
1.000000000000000e+00
1.000000000000000e+00
1.000000000000000e+00
];

%  Final storage values - assumed Steady-state (SS):

SS = [ 1.000000000000000e+00
1.000000000000000e+00
1.000000000000000e+00
1.000000000000000e+00
1.000000000000000e+00
1.000000000000000e+00
];

% Output throughflow (T):

T = [ 1.096000000000000e+03
4.220000000000000e+02
4.800000000000000e+01
5.600000000000000e+02
3.300000000000000e+01
1.210000000000000e+02
];

% Input hroughflow (TP):

TP = [ 1.096000000000000e+03
4.220000000000000e+02
4.800000000000000e+01
5.600000000000000e+02
3.300000000000000e+01
1.210000000000000e+02
];

% Residence times (RT):

RT = [ 9.124087591240876e-04
2.369668246445498e-03
2.083333333333333e-02
1.785714285714286e-03
3.030303030303030e-02
8.264462809917356e-03
];

% Stoichiometric matrix (SM):

SM = [     1.000000000000000e+00   -1.000000000000000e+00   -1.000000000000000e+00    0.000000000000000e+00    0.000000000000000e+00    0.000000000000000e+00    0.000000000000000e+00    0.000000000000000e+00    0.000000000000000e+00    0.000000000000000e+00   -1.000000000000000e+00    0.000000000000000e+00    0.000000000000000e+00    0.000000000000000e+00    0.000000000000000e+00    0.000000000000000e+00
    0.000000000000000e+00    1.000000000000000e+00    0.000000000000000e+00   -1.000000000000000e+00   -1.000000000000000e+00   -1.000000000000000e+00    0.000000000000000e+00    0.000000000000000e+00    0.000000000000000e+00    0.000000000000000e+00    0.000000000000000e+00   -1.000000000000000e+00    0.000000000000000e+00    0.000000000000000e+00    0.000000000000000e+00    0.000000000000000e+00
    0.000000000000000e+00    0.000000000000000e+00    0.000000000000000e+00    1.000000000000000e+00    0.000000000000000e+00    0.000000000000000e+00   -1.000000000000000e+00    0.000000000000000e+00    0.000000000000000e+00    0.000000000000000e+00    0.000000000000000e+00    0.000000000000000e+00   -1.000000000000000e+00    0.000000000000000e+00    0.000000000000000e+00    0.000000000000000e+00
    0.000000000000000e+00    0.000000000000000e+00    1.000000000000000e+00    0.000000000000000e+00    1.000000000000000e+00    0.000000000000000e+00    0.000000000000000e+00   -1.000000000000000e+00   -1.000000000000000e+00    0.000000000000000e+00    0.000000000000000e+00    0.000000000000000e+00    0.000000000000000e+00   -1.000000000000000e+00    0.000000000000000e+00    0.000000000000000e+00
    0.000000000000000e+00    0.000000000000000e+00    0.000000000000000e+00    0.000000000000000e+00    0.000000000000000e+00    0.000000000000000e+00    0.000000000000000e+00    1.000000000000000e+00    0.000000000000000e+00   -1.000000000000000e+00    0.000000000000000e+00    0.000000000000000e+00    0.000000000000000e+00    0.000000000000000e+00   -1.000000000000000e+00    0.000000000000000e+00
    0.000000000000000e+00    0.000000000000000e+00    0.000000000000000e+00    0.000000000000000e+00    0.000000000000000e+00    1.000000000000000e+00    1.000000000000000e+00    0.000000000000000e+00    1.000000000000000e+00    1.000000000000000e+00    0.000000000000000e+00    0.000000000000000e+00    0.000000000000000e+00    0.000000000000000e+00    0.000000000000000e+00   -1.000000000000000e+00

];

% Adjacency Matrix (A):

A = [     0.000000000000000e+00    0.000000000000000e+00    0.000000000000000e+00    0.000000000000000e+00    0.000000000000000e+00    0.000000000000000e+00
    1.000000000000000e+00    0.000000000000000e+00    0.000000000000000e+00    0.000000000000000e+00    0.000000000000000e+00    0.000000000000000e+00
    0.000000000000000e+00    1.000000000000000e+00    0.000000000000000e+00    0.000000000000000e+00    0.000000000000000e+00    0.000000000000000e+00
    1.000000000000000e+00    1.000000000000000e+00    0.000000000000000e+00    0.000000000000000e+00    0.000000000000000e+00    0.000000000000000e+00
    0.000000000000000e+00    0.000000000000000e+00    0.000000000000000e+00    1.000000000000000e+00    0.000000000000000e+00    0.000000000000000e+00
    0.000000000000000e+00    1.000000000000000e+00    1.000000000000000e+00    1.000000000000000e+00    1.000000000000000e+00    0.000000000000000e+00

];

% Flow Matrix (F):

F = [     0.000000000000000e+00    0.000000000000000e+00    0.000000000000000e+00    0.000000000000000e+00    0.000000000000000e+00    0.000000000000000e+00
    4.220000000000000e+02    0.000000000000000e+00    0.000000000000000e+00    0.000000000000000e+00    0.000000000000000e+00    0.000000000000000e+00
    0.000000000000000e+00    4.800000000000000e+01    0.000000000000000e+00    0.000000000000000e+00    0.000000000000000e+00    0.000000000000000e+00
    4.000000000000000e+02    1.600000000000000e+02    0.000000000000000e+00    0.000000000000000e+00    0.000000000000000e+00    0.000000000000000e+00
    0.000000000000000e+00    0.000000000000000e+00    0.000000000000000e+00    3.300000000000000e+01    0.000000000000000e+00    0.000000000000000e+00
    0.000000000000000e+00    9.400000000000000e+01    3.000000000000000e+00    2.200000000000000e+01    2.000000000000000e+00    0.000000000000000e+00

];

% Normalized flow matrix (G):

G = [     0.000000000000000e+00    0.000000000000000e+00    0.000000000000000e+00    0.000000000000000e+00    0.000000000000000e+00    0.000000000000000e+00
    3.850364963503650e-01    0.000000000000000e+00    0.000000000000000e+00    0.000000000000000e+00    0.000000000000000e+00    0.000000000000000e+00
    0.000000000000000e+00    1.137440758293839e-01    0.000000000000000e+00    0.000000000000000e+00    0.000000000000000e+00    0.000000000000000e+00
    3.649635036496350e-01    3.791469194312796e-01    0.000000000000000e+00    0.000000000000000e+00    0.000000000000000e+00    0.000000000000000e+00
    0.000000000000000e+00    0.000000000000000e+00    0.000000000000000e+00    5.892857142857143e-02    0.000000000000000e+00    0.000000000000000e+00
    0.000000000000000e+00    2.227488151658768e-01    6.250000000000000e-02    3.928571428571428e-02    6.060606060606061e-02    0.000000000000000e+00

];

% Throughflow Analysis (N):

