% This file is automatically generated by EcoNet(http://eco.engr.uga.edu).
% Run this M-file in Matlab to load all results into Matlab environment.
%
% ================== EcoNet Model ===================
% 
% * ->  spartina  c=94.74
% * ->  algae     c=4.93
% spartina ->  insects  c=0.002
% spartina ->  detritus c=0.03
% spartina ->  bacteria c=0.0001
% algae ->  detritus c=0.02
% algae ->  nematodes c=0.02
% insects ->  detritus c=0.2
% insects ->  spiders  c=0.05
% detritus ->  bacteria c=0.01
% detritus ->  nematodes c=0.01
% bacteria ->  nematodes c=0.01
% bacteria ->  detritus c=0.5
% spiders ->  detritus c=0.1
% nematodes ->  detritus c=0.6
% nematodes ->  mudcrabs c=0.01
% mudcrabs ->  detritus  c=0.1
% spartina ->  * c=0.15
% algae ->  * c=0.1
% insects ->  * c=.1
% detritus ->  * c=0.02
% bacteria ->  * c=0.4
% spiders ->  * c=0.05
% nematodes ->  * c=0.2
% mudcrabs ->  * c=0.05
% 
% #initial values
% spartina=450, algae=20, insects=1
% detritus=250, bacteria= 800, spiders=0.18
% nematodes=0.5, mudcrabs=0.1
% % ===================================================


% Compartment Names (NM):

NM = { 'spartina'
'algae'
'insects'
'detritus'
'bacteria'
'spiders'
'nematodes'
'mudcrabs'
};

% Environmental inputs (Z):

Z = [ 9.473999999999999e+01
4.930000000000000e+00
0.000000000000000e+00
0.000000000000000e+00
0.000000000000000e+00
0.000000000000000e+00
0.000000000000000e+00
0.000000000000000e+00
];

% Environmental Outputs (Y):

Y = [ 7.803953858487935e+01
3.521427306317016e+00
2.972934797857611e-01
1.307663080092275e+01
2.897086337293522e+00
4.954887758676119e-02
1.806328885492723e+00
3.012176644207967e-02
];

% Initial storage values (IC):

IC = [ 4.500000000000000e+02
2.000000000000000e+01
1.000000000000000e+00
2.500000000000000e+02
8.000000000000000e+02
1.800000000000000e-01
5.000000000000000e-01
1.000000000000000e-01
];

%  Final storage values - assumed Steady-state (SS):

SS = [ 5.202635905658624e+02
3.521427306317016e+01
2.972934797857611e+00
6.538315400461373e+02
7.242715843233804e+00
9.909775517352238e-01
9.031644427463617e+00
6.024353288415935e-01
];

% Output throughflow (T):

T = [ 9.473999984204353e+01
4.929998228843822e+00
1.040527179250164e+00
2.615326160184549e+01
6.590871417342762e+00
1.486466327602836e-01
7.315631986245529e+00
9.036529932623902e-02
];

% Input hroughflow (TP):

TP = [ 9.473999999999999e+01
4.930000000000000e+00
1.040527181131725e+00
2.610646600396355e+01
6.590341759517959e+00
1.486467398928805e-01
7.315028020157114e+00
9.031644427463617e-02
];

% Residence times (RT):

RT = [ 5.491488193300385e+00
7.142857142857143e+00
2.857142857142857e+00
2.500000000000000e+01
1.098901098901099e+00
6.666666666666666e+00
1.234567901234568e+00
6.666666666666667e+00
];

% Trophic Levels (TL):

TL = [ 1.000000000000000e+00
1.000000000000000e+00
2.000000001808277e+00
1.669184875098811e+00
2.663768391123212e+00
3.000001443248221e+00
2.614470470061407e+00
3.613056984014426e+00
];

% Stoichiometric matrix (SM):

SM = [     1.000000000000000e+00    0.000000000000000e+00   -1.000000000000000e+00   -1.000000000000000e+00   -1.000000000000000e+00    0.000000000000000e+00    0.000000000000000e+00    0.000000000000000e+00    0.000000000000000e+00    0.000000000000000e+00    0.000000000000000e+00    0.000000000000000e+00    0.000000000000000e+00    0.000000000000000e+00    0.000000000000000e+00    0.000000000000000e+00    0.000000000000000e+00   -1.000000000000000e+00    0.000000000000000e+00    0.000000000000000e+00    0.000000000000000e+00    0.000000000000000e+00    0.000000000000000e+00    0.000000000000000e+00    0.000000000000000e+00
    0.000000000000000e+00    1.000000000000000e+00    0.000000000000000e+00    0.000000000000000e+00    0.000000000000000e+00   -1.000000000000000e+00   -1.000000000000000e+00    0.000000000000000e+00    0.000000000000000e+00    0.000000000000000e+00    0.000000000000000e+00    0.000000000000000e+00    0.000000000000000e+00    0.000000000000000e+00    0.000000000000000e+00    0.000000000000000e+00    0.000000000000000e+00    0.000000000000000e+00   -1.000000000000000e+00    0.000000000000000e+00    0.000000000000000e+00    0.000000000000000e+00    0.000000000000000e+00    0.000000000000000e+00    0.000000000000000e+00
    0.000000000000000e+00    0.000000000000000e+00    1.000000000000000e+00    0.000000000000000e+00    0.000000000000000e+00    0.000000000000000e+00    0.000000000000000e+00   -1.000000000000000e+00   -1.000000000000000e+00    0.000000000000000e+00    0.000000000000000e+00    0.000000000000000e+00    0.000000000000000e+00    0.000000000000000e+00    0.000000000000000e+00    0.000000000000000e+00    0.000000000000000e+00    0.000000000000000e+00    0.000000000000000e+00   -1.000000000000000e+00    0.000000000000000e+00    0.000000000000000e+00    0.000000000000000e+00    0.000000000000000e+00    0.000000000000000e+00
    0.000000000000000e+00    0.000000000000000e+00    0.000000000000000e+00    1.000000000000000e+00    0.000000000000000e+00    1.000000000000000e+00    0.000000000000000e+00    1.000000000000000e+00    0.000000000000000e+00   -1.000000000000000e+00   -1.000000000000000e+00    0.000000000000000e+00    1.000000000000000e+00    1.000000000000000e+00    1.000000000000000e+00    0.000000000000000e+00    1.000000000000000e+00    0.000000000000000e+00    0.000000000000000e+00    0.000000000000000e+00   -1.000000000000000e+00    0.000000000000000e+00    0.000000000000000e+00    0.000000000000000e+00    0.000000000000000e+00
    0.000000000000000e+00    0.000000000000000e+00    0.000000000000000e+00    0.000000000000000e+00    1.000000000000000e+00    0.000000000000000e+00    0.000000000000000e+00    0.000000000000000e+00    0.000000000000000e+00    1.000000000000000e+00    0.000000000000000e+00   -1.000000000000000e+00   -1.000000000000000e+00    0.000000000000000e+00    0.000000000000000e+00    0.000000000000000e+00    0.000000000000000e+00    0.000000000000000e+00    0.000000000000000e+00    0.000000000000000e+00    0.000000000000000e+00   -1.000000000000000e+00    0.000000000000000e+00    0.000000000000000e+00    0.000000000000000e+00
    0.000000000000000e+00    0.000000000000000e+00    0.000000000000000e+00    0.000000000000000e+00    0.000000000000000e+00    0.000000000000000e+00    0.000000000000000e+00    0.000000000000000e+00    1.000000000000000e+00    0.000000000000000e+00    0.000000000000000e+00    0.000000000000000e+00    0.000000000000000e+00   -1.000000000000000e+00    0.000000000000000e+00    0.000000000000000e+00    0.000000000000000e+00    0.000000000000000e+00    0.000000000000000e+00    0.000000000000000e+00    0.000000000000000e+00    0.000000000000000e+00   -1.000000000000000e+00    0.000000000000000e+00    0.000000000000000e+00
    0.000000000000000e+00    0.000000000000000e+00    0.000000000000000e+00    0.000000000000000e+00    0.000000000000000e+00    0.000000000000000e+00    1.000000000000000e+00    0.000000000000000e+00    0.000000000000000e+00    0.000000000000000e+00    1.000000000000000e+00    1.000000000000000e+00    0.000000000000000e+00    0.000000000000000e+00   -1.000000000000000e+00   -1.000000000000000e+00    0.000000000000000e+00    0.000000000000000e+00    0.000000000000000e+00    0.000000000000000e+00    0.000000000000000e+00    0.000000000000000e+00    0.000000000000000e+00   -1.000000000000000e+00    0.000000000000000e+00
    0.000000000000000e+00    0.000000000000000e+00    0.000000000000000e+00    0.000000000000000e+00    0.000000000000000e+00    0.000000000000000e+00    0.000000000000000e+00    0.000000000000000e+00    0.000000000000000e+00    0.000000000000000e+00    0.000000000000000e+00    0.000000000000000e+00    0.000000000000000e+00    0.000000000000000e+00    0.000000000000000e+00    1.000000000000000e+00   -1.000000000000000e+00    0.000000000000000e+00    0.000000000000000e+00    0.000000000000000e+00    0.000000000000000e+00    0.000000000000000e+00    0.000000000000000e+00    0.000000000000000e+00   -1.000000000000000e+00

