% This file is automatically generated by EcoNet(http://eco.engr.uga.edu).
% Run this M-file in Matlab to load all results into Matlab environment.
%
% ================== EcoNet Model ===================
% #  LAKE FINDLEY, RICHEY ET AL. SCIENCE 202%3A1185, GC%2FM2%2FYR
% #  4  2
% * ->  PARTICULATE_ORGANIC_CARBO     c=16.3
% * ->  SEDIMENT     c=5
% ZOOPLANKTON ->  SEDIMENT       c=0.1
% BENTHOS ->  SEDIMENT       c=9.4
% PARTICULATE_ORGANIC_CARBO ->  ZOOPLANKTON       c=2.2
% PARTICULATE_ORGANIC_CARBO ->  SEDIMENT       c=5.7
% SEDIMENT ->  BENTHOS       c=11.7
% ZOOPLANKTON ->  *      c=2.1
% BENTHOS ->  *      c=2.3
% PARTICULATE_ORGANIC_CARBO ->  *      c=8.4
% SEDIMENT ->  *      c=8.5
% ZOOPLANKTON = 1
% BENTHOS = 1
% PARTICULATE_ORGANIC_CARBO = 1
% SEDIMENT = 1
% 
% % ===================================================


% Compartment Names (NM):

NM = { 'ZOOPLANKTON'
'BENTHOS'
'PARTICULATE_ORGANIC_CARBO'
'SEDIMENT'
};

% Environmental inputs (Z):

Z = [ 0.000000000000000e+00
0.000000000000000e+00
1.630000000000000e+01
5.000000000000000e+00
];

% Environmental Outputs (Y):

Y = [ 2.100000000000000e+00
2.299991898021986e+00
8.400000000000000e+00
8.500039834721036e+00
];

% Initial storage values (IC):

IC = [ 1.000000000000000e+00
1.000000000000000e+00
1.000000000000000e+00
1.000000000000000e+00
];

%  Final storage values - assumed Steady-state (SS):

SS = [ 1.000000000000000e+00
9.999964774008637e-01
1.000000000000000e+00
1.000004686437769e+00
];

% Output throughflow (T):

T = [ 2.200000000000000e+00
1.169995878559011e+01
1.630000000000000e+01
2.020009466604293e+01
];

% Input hroughflow (TP):

TP = [ 2.200000000000000e+00
1.170005483132190e+01
1.630000000000000e+01
2.019996688756812e+01
];

% Residence times (RT):

RT = [ 4.545454545454545e-01
8.547008547008547e-02
6.134969325153374e-02
4.950495049504951e-02
];

% Stoichiometric matrix (SM):

SM = [     0.000000000000000e+00    0.000000000000000e+00   -1.000000000000000e+00    0.000000000000000e+00    1.000000000000000e+00    0.000000000000000e+00    0.000000000000000e+00   -1.000000000000000e+00    0.000000000000000e+00    0.000000000000000e+00    0.000000000000000e+00
    0.000000000000000e+00    0.000000000000000e+00    0.000000000000000e+00   -1.000000000000000e+00    0.000000000000000e+00    0.000000000000000e+00    1.000000000000000e+00    0.000000000000000e+00   -1.000000000000000e+00    0.000000000000000e+00    0.000000000000000e+00
    1.000000000000000e+00    0.000000000000000e+00    0.000000000000000e+00    0.000000000000000e+00   -1.000000000000000e+00   -1.000000000000000e+00    0.000000000000000e+00    0.000000000000000e+00    0.000000000000000e+00   -1.000000000000000e+00    0.000000000000000e+00
    0.000000000000000e+00    1.000000000000000e+00    1.000000000000000e+00    1.000000000000000e+00    0.000000000000000e+00    1.000000000000000e+00   -1.000000000000000e+00    0.000000000000000e+00    0.000000000000000e+00    0.000000000000000e+00   -1.000000000000000e+00

];

% Adjacency Matrix (A):

A = [     0.000000000000000e+00    0.000000000000000e+00    1.000000000000000e+00    0.000000000000000e+00
    0.000000000000000e+00    0.000000000000000e+00    0.000000000000000e+00    1.000000000000000e+00
    0.000000000000000e+00    0.000000000000000e+00    0.000000000000000e+00    0.000000000000000e+00
    1.000000000000000e+00    1.000000000000000e+00    1.000000000000000e+00    0.000000000000000e+00

];

% Flow Matrix (F):

F = [     0.000000000000000e+00    0.000000000000000e+00    2.200000000000000e+00    0.000000000000000e+00
    0.000000000000000e+00    0.000000000000000e+00    0.000000000000000e+00    1.170005483132190e+01
    0.000000000000000e+00    0.000000000000000e+00    0.000000000000000e+00    0.000000000000000e+00
    1.000000000000000e-01    9.399966887568119e+00    5.700000000000000e+00    0.000000000000000e+00

];

% Normalized flow matrix (G):

G = [     0.000000000000000e+00    0.000000000000000e+00    1.349693251533742e-01    0.000000000000000e+00
    0.000000000000000e+00    0.000000000000000e+00    0.000000000000000e+00    5.792079207920792e-01
    0.000000000000000e+00    0.000000000000000e+00    0.000000000000000e+00    0.000000000000000e+00
    4.545454545454546e-02    8.034188034188035e-01    3.496932515337423e-01    0.000000000000000e+00

];

% Throughflow Analysis (N):

N = [     1.000000000000000e+00    0.000000000000000e+00    1.349693251533742e-01    0.000000000000000e+00
    4.924242424242424e-02    1.870370370370370e+00    3.854805725971370e-01    1.083333333333333e+00
    0.000000000000000e+00    0.000000000000000e+00    1.000000000000000e+00    0.000000000000000e+00
    8.501683501683502e-02    1.502690724912947e+00    6.655305612360827e-01    1.870370370370370e+00

];

% Normalized flow matrix - output oriented (GP):

GP = [     0.000000000000000e+00    0.000000000000000e+00    1.000000000000000e+00    0.000000000000000e+00
    0.000000000000000e+00    0.000000000000000e+00    0.000000000000000e+00    1.000008209065822e+00
    0.000000000000000e+00    0.000000000000000e+00    0.000000000000000e+00    0.000000000000000e+00
    4.950471849426701e-03    4.653427146244910e-01    2.821768954173220e-01    0.000000000000000e+00

];

% Throughflow Analysis - output oriented (NP):

NP = [     1.000000000000000e+00    0.000000000000000e+00    1.000000000000000e+00    0.000000000000000e+00
    9.259291876032824e-03    1.870370370370370e+00    5.370389288099038e-01    1.870385724363853e+00
    0.000000000000000e+00    0.000000000000000e+00    1.000000000000000e+00    0.000000000000000e+00
    9.259215866520312e-03    8.703632255013628e-01    5.370345202581781e-01    1.870370370370370e+00

];

% Partial turnover rate matrix (C):

C = [    -2.200000000000000e+00    0.000000000000000e+00    2.200000000000000e+00    0.000000000000000e+00
    0.000000000000000e+00   -1.170000000000000e+01    0.000000000000000e+00    1.170000000000000e+01
    0.000000000000000e+00    0.000000000000000e+00   -1.630000000000000e+01    0.000000000000000e+00
    1.000000000000000e-01    9.400000000000000e+00    5.700000000000000e+00   -2.020000000000000e+01

];

% Storage Analysis (S):

S = [     4.545454545454545e-01    0.000000000000000e+00    6.134969325153374e-02    0.000000000000000e+00
    4.208754208754210e-03    1.598607154162710e-01    3.294705748693479e-02    9.259259259259260e-02
    0.000000000000000e+00    0.000000000000000e+00    6.134969325153374e-02    0.000000000000000e+00
    4.208754208754210e-03    7.439062994618552e-02    3.294705748693479e-02    9.259259259259260e-02

];

% Partial Turnover Rates - output oriented (CP):

CP = [    -2.200000000000000e+00    0.000000000000000e+00    2.200000000000000e+00    0.000000000000000e+00
    0.000000000000000e+00   -1.170000000000000e+01    0.000000000000000e+00    1.170009604607012e+01
    0.000000000000000e+00    0.000000000000000e+00   -1.630000000000000e+01    0.000000000000000e+00
    9.999953135841937e-02    9.399922835414719e+00    5.699973287429904e+00   -2.020000000000000e+01

];

% Storage Analysis - output oriented (SP):

SP = [     4.545454545454545e-01    0.000000000000000e+00    6.134969325153374e-02    0.000000000000000e+00
    4.208769034560375e-03    1.598607154162710e-01    3.294717354661986e-02    9.259335269127987e-02
    0.000000000000000e+00    0.000000000000000e+00    6.134969325153374e-02    0.000000000000000e+00
    4.208734484781960e-03    7.439001927362077e-02    3.294690308332381e-02    9.259259259259260e-02

];

% Utility series matrix (D):

D = [     0.000000000000000e+00    0.000000000000000e+00    1.000000000000000e+00   -4.545454545454546e-02
    0.000000000000000e+00    0.000000000000000e+00    0.000000000000000e+00    1.965894056470190e-01
   -1.349693251533742e-01    0.000000000000000e+00    0.000000000000000e+00   -3.496932515337423e-01
    4.950471849426701e-03   -1.138652061675882e-01    2.821768954173220e-01    0.000000000000000e+00

];

% Utility Analysis (U):

