% This file is automatically generated by EcoNet(http://eco.engr.uga.edu).
% Run this M-file in Matlab to load all results into Matlab environment.
%
% ================== EcoNet Model ===================
% #  CONE SPRING;  WILLIAMS %26 CROUTHAMEL %28PATTEN VOL 1%29; KC%2FM-2%2FYR
% #  5  4
% * ->  PLANTS     c=11184
% * ->  DETRITUS     c=635
% PLANTS ->  DETRITUS       c=8881
% BACTERIA ->  DETRITUS_FEEDERS       c=75
% BACTERIA ->  DETRITUS       c=1600
% DETRITUS_FEEDERS ->  CARNIVORES       c=370
% DETRITUS_FEEDERS ->  DETRITUS       c=200
% CARNIVORES ->  DETRITUS       c=167
% DETRITUS ->  BACTERIA       c=5205
% DETRITUS ->  DETRITUS_FEEDERS       c=2309
% PLANTS ->  *      c=2303
% BACTERIA ->  *      c=3530
% DETRITUS_FEEDERS ->  *      c=1814
% CARNIVORES ->  *      c=203
% DETRITUS ->  *      c=3969
% PLANTS = 1
% BACTERIA = 1
% DETRITUS_FEEDERS = 1
% CARNIVORES = 1
% DETRITUS = 1
% 
% % ===================================================


% Compartment Names (NM):

NM = { 'PLANTS'
'BACTERIA'
'DETRITUS_FEEDERS'
'CARNIVORES'
'DETRITUS'
};

% Environmental inputs (Z):

Z = [ 1.118400000000000e+04
0.000000000000000e+00
0.000000000000000e+00
0.000000000000000e+00
6.350000000000000e+02
];

% Environmental Outputs (Y):

Y = [ 2.303000000000000e+03
3.530000000000000e+03
1.814000000000000e+03
2.030000000000000e+02
3.969000000000000e+03
];

% Initial storage values (IC):

IC = [ 1.000000000000000e+00
1.000000000000000e+00
1.000000000000000e+00
1.000000000000000e+00
1.000000000000000e+00
];

%  Final storage values - assumed Steady-state (SS):

SS = [ 1.000000000000000e+00
1.000000000000000e+00
1.000000000000000e+00
1.000000000000000e+00
1.000000000000000e+00
];

% Output throughflow (T):

T = [ 1.118400000000000e+04
5.205000000000000e+03
2.384000000000000e+03
3.700000000000000e+02
1.148300000000000e+04
];

% Input hroughflow (TP):

TP = [ 1.118400000000000e+04
5.205000000000000e+03
2.384000000000000e+03
3.700000000000000e+02
1.148300000000000e+04
];

% Residence times (RT):

RT = [ 8.941344778254649e-05
1.921229586935639e-04
4.194630872483221e-04
2.702702702702703e-03
8.708525646608029e-05
];

% Stoichiometric matrix (SM):

SM = [     1.000000000000000e+00    0.000000000000000e+00   -1.000000000000000e+00    0.000000000000000e+00    0.000000000000000e+00    0.000000000000000e+00    0.000000000000000e+00    0.000000000000000e+00    0.000000000000000e+00    0.000000000000000e+00   -1.000000000000000e+00    0.000000000000000e+00    0.000000000000000e+00    0.000000000000000e+00    0.000000000000000e+00
    0.000000000000000e+00    0.000000000000000e+00    0.000000000000000e+00   -1.000000000000000e+00   -1.000000000000000e+00    0.000000000000000e+00    0.000000000000000e+00    0.000000000000000e+00    1.000000000000000e+00    0.000000000000000e+00    0.000000000000000e+00   -1.000000000000000e+00    0.000000000000000e+00    0.000000000000000e+00    0.000000000000000e+00
    0.000000000000000e+00    0.000000000000000e+00    0.000000000000000e+00    1.000000000000000e+00    0.000000000000000e+00   -1.000000000000000e+00   -1.000000000000000e+00    0.000000000000000e+00    0.000000000000000e+00    1.000000000000000e+00    0.000000000000000e+00    0.000000000000000e+00   -1.000000000000000e+00    0.000000000000000e+00    0.000000000000000e+00
    0.000000000000000e+00    0.000000000000000e+00    0.000000000000000e+00    0.000000000000000e+00    0.000000000000000e+00    1.000000000000000e+00    0.000000000000000e+00   -1.000000000000000e+00    0.000000000000000e+00    0.000000000000000e+00    0.000000000000000e+00    0.000000000000000e+00    0.000000000000000e+00   -1.000000000000000e+00    0.000000000000000e+00
    0.000000000000000e+00    1.000000000000000e+00    1.000000000000000e+00    0.000000000000000e+00    1.000000000000000e+00    0.000000000000000e+00    1.000000000000000e+00    1.000000000000000e+00   -1.000000000000000e+00   -1.000000000000000e+00    0.000000000000000e+00    0.000000000000000e+00    0.000000000000000e+00    0.000000000000000e+00   -1.000000000000000e+00

];

% Adjacency Matrix (A):

A = [     0.000000000000000e+00    0.000000000000000e+00    0.000000000000000e+00    0.000000000000000e+00    0.000000000000000e+00
    0.000000000000000e+00    0.000000000000000e+00    0.000000000000000e+00    0.000000000000000e+00    1.000000000000000e+00
    0.000000000000000e+00    1.000000000000000e+00    0.000000000000000e+00    0.000000000000000e+00    1.000000000000000e+00
    0.000000000000000e+00    0.000000000000000e+00    1.000000000000000e+00    0.000000000000000e+00    0.000000000000000e+00
    1.000000000000000e+00    1.000000000000000e+00    1.000000000000000e+00    1.000000000000000e+00    0.000000000000000e+00

];

% Flow Matrix (F):

F = [     0.000000000000000e+00    0.000000000000000e+00    0.000000000000000e+00    0.000000000000000e+00    0.000000000000000e+00
    0.000000000000000e+00    0.000000000000000e+00    0.000000000000000e+00    0.000000000000000e+00    5.205000000000000e+03
    0.000000000000000e+00    7.500000000000000e+01    0.000000000000000e+00    0.000000000000000e+00    2.309000000000000e+03
    0.000000000000000e+00    0.000000000000000e+00    3.700000000000000e+02    0.000000000000000e+00    0.000000000000000e+00
    8.881000000000000e+03    1.600000000000000e+03    2.000000000000000e+02    1.670000000000000e+02    0.000000000000000e+00

];

% Normalized flow matrix (G):

G = [     0.000000000000000e+00    0.000000000000000e+00    0.000000000000000e+00    0.000000000000000e+00    0.000000000000000e+00
    0.000000000000000e+00    0.000000000000000e+00    0.000000000000000e+00    0.000000000000000e+00    4.532787599059479e-01
    0.000000000000000e+00    1.440922190201729e-02    0.000000000000000e+00    0.000000000000000e+00    2.010798571801794e-01
    0.000000000000000e+00    0.000000000000000e+00    1.552013422818792e-01    0.000000000000000e+00    0.000000000000000e+00
    7.940808297567954e-01    3.073967339097022e-01    8.389261744966443e-02    4.513513513513513e-01    0.000000000000000e+00

];

% Throughflow Analysis (N):

N = [     1.000000000000000e+00    0.000000000000000e+00    0.000000000000000e+00    0.000000000000000e+00    0.000000000000000e+00
    4.343411852547415e-01    1.169351168713379e+00    8.420271862860430e-02    2.468772366313350e-01    5.469735182849937e-01
    1.989374420071669e-01    9.197563615997972e-02    1.038566624632199e+00    1.130749917635164e-01    2.505254308532997e-01
    3.087535802963580e-02    1.427474218925860e-02    1.611869341920778e-01    1.017549390500210e+00    3.888188314417823e-02
    9.582209087954268e-01    3.736137310923585e-01    1.857636537967845e-01    5.446477057132795e-01    1.206704497688104e+00

];

% Normalized flow matrix - output oriented (GP):

GP = [     0.000000000000000e+00    0.000000000000000e+00    0.000000000000000e+00    0.000000000000000e+00    0.000000000000000e+00
    0.000000000000000e+00    0.000000000000000e+00    0.000000000000000e+00    0.000000000000000e+00    1.000000000000000e+00
    0.000000000000000e+00    3.145973154362416e-02    0.000000000000000e+00    0.000000000000000e+00    9.685402684563759e-01
    0.000000000000000e+00    0.000000000000000e+00    1.000000000000000e+00    0.000000000000000e+00    0.000000000000000e+00
    7.734041626752591e-01    1.393364103457285e-01    1.741705129321606e-02    1.454323782983541e-02    0.000000000000000e+00

];

% Throughflow Analysis - output oriented (NP):

