% This file is automatically generated by EcoNet(http://eco.engr.uga.edu).
% Run this M-file in Matlab to load all results into Matlab environment.
%
% ================== EcoNet Model ===================
% #  LAKE WINGRA, RICHEY ET AL. SCIENCE 202%3A1185, GC%2FM2%2FYR
% #  5  3
% * ->  ZOOPLANKTON     c=4.9
% * ->  PARTICULATE_ORGANIC_CARBO     c=474
% ZOOPLANKTON ->  FISH       c=6.6
% ZOOPLANKTON ->  SEDIMENT       c=2.5
% BENTHOS ->  FISH       c=0.6
% BENTHOS ->  SEDIMENT       c=28.7
% FISH ->  SEDIMENT       c=1.5
% PARTICULATE_ORGANIC_CARBO ->  ZOOPLANKTON       c=52.2
% PARTICULATE_ORGANIC_CARBO ->  SEDIMENT       c=560
% SEDIMENT ->  BENTHOS       c=34.9
% SEDIMENT ->  PARTICULATE_ORGANIC_CARBO       c=330
% ZOOPLANKTON ->  *      c=48
% BENTHOS ->  *      c=5.6
% FISH ->  *      c=5.7
% PARTICULATE_ORGANIC_CARBO ->  *      c=191.8
% SEDIMENT ->  *      c=227.8
% ZOOPLANKTON = 1
% BENTHOS = 1
% FISH = 1
% PARTICULATE_ORGANIC_CARBO = 1
% SEDIMENT = 1
% 
% % ===================================================


% Compartment Names (NM):

NM = { 'ZOOPLANKTON'
'BENTHOS'
'FISH'
'PARTICULATE_ORGANIC_CARBO'
'SEDIMENT'
};

% Environmental inputs (Z):

Z = [ 4.900000000000000e+00
0.000000000000000e+00
0.000000000000000e+00
4.740000000000000e+02
0.000000000000000e+00
];

% Environmental Outputs (Y):

Y = [ 4.799998127168907e+01
5.600001463300787e+00
5.700000012154430e+00
1.918015543731231e+02
2.277981128942769e+02
];

% Initial storage values (IC):

IC = [ 1.000000000000000e+00
1.000000000000000e+00
1.000000000000000e+00
1.000000000000000e+00
1.000000000000000e+00
];

%  Final storage values - assumed Steady-state (SS):

SS = [ 9.999996098268557e-01
1.000000261303712e+00
1.000000002132356e+00
1.000008104135157e+00
9.999917159538053e-01
];

% Output throughflow (T):

T = [ 5.709997772111346e+01
3.490000911949954e+01
7.200000015352964e+00
8.040065157246662e+02
5.926950900458205e+02
];

% Input hroughflow (TP):

TP = [ 5.710042303585519e+01
3.489971088678780e+01
7.199997581639474e+00
8.039972662647558e+02
5.927045448428701e+02
];

% Residence times (RT):

RT = [ 1.751313485113835e-02
2.865329512893984e-02
1.388888888888889e-01
1.243781094527363e-03
1.687194196051965e-03
];

% Stoichiometric matrix (SM):

SM = [     1.000000000000000e+00    0.000000000000000e+00   -1.000000000000000e+00   -1.000000000000000e+00    0.000000000000000e+00    0.000000000000000e+00    0.000000000000000e+00    1.000000000000000e+00    0.000000000000000e+00    0.000000000000000e+00    0.000000000000000e+00   -1.000000000000000e+00    0.000000000000000e+00    0.000000000000000e+00    0.000000000000000e+00    0.000000000000000e+00
    0.000000000000000e+00    0.000000000000000e+00    0.000000000000000e+00    0.000000000000000e+00   -1.000000000000000e+00   -1.000000000000000e+00    0.000000000000000e+00    0.000000000000000e+00    0.000000000000000e+00    1.000000000000000e+00    0.000000000000000e+00    0.000000000000000e+00   -1.000000000000000e+00    0.000000000000000e+00    0.000000000000000e+00    0.000000000000000e+00
    0.000000000000000e+00    0.000000000000000e+00    1.000000000000000e+00    0.000000000000000e+00    1.000000000000000e+00    0.000000000000000e+00   -1.000000000000000e+00    0.000000000000000e+00    0.000000000000000e+00    0.000000000000000e+00    0.000000000000000e+00    0.000000000000000e+00    0.000000000000000e+00   -1.000000000000000e+00    0.000000000000000e+00    0.000000000000000e+00
    0.000000000000000e+00    1.000000000000000e+00    0.000000000000000e+00    0.000000000000000e+00    0.000000000000000e+00    0.000000000000000e+00    0.000000000000000e+00   -1.000000000000000e+00   -1.000000000000000e+00    0.000000000000000e+00    1.000000000000000e+00    0.000000000000000e+00    0.000000000000000e+00    0.000000000000000e+00   -1.000000000000000e+00    0.000000000000000e+00
    0.000000000000000e+00    0.000000000000000e+00    0.000000000000000e+00    1.000000000000000e+00    0.000000000000000e+00    1.000000000000000e+00    1.000000000000000e+00    0.000000000000000e+00    1.000000000000000e+00   -1.000000000000000e+00   -1.000000000000000e+00    0.000000000000000e+00    0.000000000000000e+00    0.000000000000000e+00    0.000000000000000e+00   -1.000000000000000e+00

];

% Adjacency Matrix (A):

A = [     0.000000000000000e+00    0.000000000000000e+00    0.000000000000000e+00    1.000000000000000e+00    0.000000000000000e+00
    0.000000000000000e+00    0.000000000000000e+00    0.000000000000000e+00    0.000000000000000e+00    1.000000000000000e+00
    1.000000000000000e+00    1.000000000000000e+00    0.000000000000000e+00    0.000000000000000e+00    0.000000000000000e+00
    0.000000000000000e+00    0.000000000000000e+00    0.000000000000000e+00    0.000000000000000e+00    1.000000000000000e+00
    1.000000000000000e+00    1.000000000000000e+00    1.000000000000000e+00    1.000000000000000e+00    0.000000000000000e+00

];

% Flow Matrix (F):

F = [     0.000000000000000e+00    0.000000000000000e+00    0.000000000000000e+00    5.220042303585520e+01    0.000000000000000e+00
    0.000000000000000e+00    0.000000000000000e+00    0.000000000000000e+00    0.000000000000000e+00    3.489971088678780e+01
    6.599997424857247e+00    6.000001567822272e-01    0.000000000000000e+00    0.000000000000000e+00    0.000000000000000e+00
    0.000000000000000e+00    0.000000000000000e+00    0.000000000000000e+00    0.000000000000000e+00    3.299972662647558e+02
    2.499999024567139e+00    2.870000749941653e+01    1.500000003198534e+00    5.600045383156879e+02    0.000000000000000e+00

];

% Normalized flow matrix (G):

G = [     0.000000000000000e+00    0.000000000000000e+00    0.000000000000000e+00    6.492537313432836e-02    0.000000000000000e+00
    0.000000000000000e+00    0.000000000000000e+00    0.000000000000000e+00    0.000000000000000e+00    5.888307744221358e-02
    1.155866900175131e-01    1.719197707736390e-02    0.000000000000000e+00    0.000000000000000e+00    0.000000000000000e+00
    0.000000000000000e+00    0.000000000000000e+00    0.000000000000000e+00    0.000000000000000e+00    5.567740846971485e-01
    4.378283712784588e-02    8.223495702005731e-01    2.083333333333333e-01    6.965174129353234e-01    0.000000000000000e+00

];

% Throughflow Analysis (N):

N = [     1.004372004387832e+00    5.320946343998777e-02    1.342158336264508e-02    1.100813864525308e-01    6.442360014069637e-02
    7.121600738465487e-03    1.086673415786641e+00    2.186254850356878e-02    7.355507205987660e-02    1.049402328171301e-01
    1.162144699300945e-01    2.483237021142073e-02    1.001927216828408e+00    1.398850020536400e-02    9.250640776360218e-03
    6.733891815741004e-02    8.195480575814208e-01    2.067232379993610e-01    1.695506412027486e+00    9.922715423969325e-01
    1.209447781572635e-01    1.471957980995479e+00    3.712874641279433e-01    1.249171667905125e+00    1.782179827814127e+00

];

% Normalized flow matrix - output oriented (GP):

GP = [     0.000000000000000e+00    0.000000000000000e+00    0.000000000000000e+00    9.141934046071162e-01    0.000000000000000e+00
    0.000000000000000e+00    0.000000000000000e+00    0.000000000000000e+00    0.000000000000000e+00    9.999914546523263e-01
    9.166663070532921e-01    8.333335493094628e-02    0.000000000000000e+00    0.000000000000000e+00    0.000000000000000e+00
    0.000000000000000e+00    0.000000000000000e+00    0.000000000000000e+00    0.000000000000000e+00    4.104410347561960e-01
    4.218018786647731e-03    4.842288721709804e-02    2.530812264840208e-03    9.448442339422698e-01    0.000000000000000e+00

];

% Throughflow Analysis - output oriented (NP):

