% Set of Stiochiometric matrices of models. 
% Add as needed.

% simple model from board pictures
SpaperChain = [ 1 -1 0 0 ; 0 1 -1 0; 0 0 1 -1 ];

Spaper35 = [ 1 -1 -1  0  0 
             0  1  0 -1 -1 
             0  0  1  1  0 ];

S1 = [ 1 -1 -1 0 0 0 1
       0 1 0 -1 0 -1 0
       0 0 1 1 -1 0 -1 ];

Soyster = [ 1 -1 -1 0 0 0 0 0 0 0 0 0 0 -1 0 0 0 0 0
0 1 0 -1 -1 -1 0 0 1 0 1 0 1 0 -1 0 0 0 0
0 0 0 1 0 0 -1 -1 0 0 0 0 0 0 0 -1 0 0 0
0 0 0 0 1 0 1 0 -1 -1 0 0 0 0 0 0 -1 0 0
0 0 0 0 0 1 0 1 0 1 -1 -1 0 0 0 0 0 -1 0
0 0 1 0 0 0 0 0 0 0 0 1 -1 0 0 0 0 0 -1 ];

